[
    [
        183.9089330024814, 
        186.44987593052107, 
        216.9411910669975, 
        255.05533498759306, 
        255.05533498759306, 
        232.18684863523575, 
        199.15459057071959
    ], 
    [
        96.055831265508743, 
        136.71091811414396, 
        164.66129032258067, 
        139.25186104218369, 
        75.728287841191104, 
        63.023573200992587, 
        80.810173697270557
    ], 
    14, 
    [
        55.793713067906609, 
        83.568584713746006, 
        145.0700862152475, 
        164.90928024798995, 
        133.16656979560207, 
        107.37561755303692, 
        67.697229487552065
    ], 
    [
        7.5978865406006708, 
        8.9821406501050571, 
        8.88326535656903, 
        6.1147571375602539, 
        2.6541218637992863, 
        2.6541218637992863, 
        4.9282536151279217
    ], 
    [
        174.05669306548197, 
        183.94659068958856, 
        209.66032451226579, 
        253.17587405833495, 
        259.10981263279893, 
        247.24193548387098, 
        221.52820166119375, 
        193.83648831369521
    ], 
    [
        5.6203806698801166, 
        7.795637127672725, 
        8.784390063033003, 
        8.586639475960947, 
        5.8181312569521708, 
        2.2586206896551779, 
        2.4563712767272321, 
        3.9395006797676473
    ], 
    224.56401985111663, 
    108.76054590570726
]